128 27.990625 28.003124 28.003124 
167900 27.172882 25.155235 25.707315 
335672 24.844372 24.808838 25.370844 
503444 24.557056 24.546577 25.410858 
671216 24.507614 24.454845 25.618544 
838988 24.343719 24.378698 25.770714 
1006760 24.367683 24.321922 25.321356 
1174532 25.798046 24.938334 26.022890 
1342304 25.633125 25.725306 27.608700 
1510076 26.342447 26.344149 27.326677 
1677848 26.921038 26.912968 28.487907 
1845620 27.372046 27.379419 28.192221 
2013392 27.764387 27.774746 28.597038 
2181164 28.091757 28.090923 29.024096 
2348936 28.374849 28.360514 29.136765 
2516708 28.608873 28.635923 29.982370 
2684480 28.832142 28.820333 29.689415 
2852252 29.026484 29.018929 30.256109 
3020024 29.175724 29.183170 30.537828 
3187796 29.328621 29.343021 30.041531 
3355568 29.468435 29.464718 31.597309 
3523340 29.589859 29.584602 30.196762 
3691112 29.089979 29.090376 29.267933 
3858884 27.827280 27.826056 28.087948 
4026656 26.667231 26.668966 27.009302 
4194428 25.639555 25.603008 25.855831 
4362200 24.619480 24.617420 25.088348 
4529972 23.708960 23.707481 24.256481 
4697744 22.862411 22.861925 22.979298 
4865516 22.071596 22.074389 22.214863 
5033288 21.339886 21.338892 22.023436 
5201060 20.650545 20.650772 20.778042 
5368832 20.008339 20.006784 20.773623 
5536604 19.401520 19.407015 20.240629 
5704376 18.830618 18.838091 19.087141 
5872148 18.294224 18.295811 18.476715 
6039920 17.785894 17.786913 18.687929 
6207692 17.304565 17.305008 18.182070 
6375464 16.850958 16.850786 17.828251 
6543236 16.419218 16.419012 17.410370 
6711008 16.007080 16.009882 17.024561 
6878780 15.618217 15.618507 15.796184 
7046552 15.247257 15.247661 15.434723 
7214324 14.894867 14.894939 15.105737 
7382096 14.554635 14.557425 14.747955 
7549868 14.235926 14.237024 14.424853 
7717640 13.923127 13.923257 15.063524 
7885412 13.629798 13.630478 14.736963 
8053184 13.346366 13.347772 14.598685 
8220956 13.073245 13.078012 14.349291 
8388728 12.814548 12.812427 14.017483 
8556500 12.569408 12.566377 12.778598 
8724272 12.319632 12.319173 13.587753 
8892044 12.089016 12.087894 12.323546 
9059816 11.866098 11.861149 12.106302 
9227588 11.648002 11.649404 11.872918 
9395360 11.441486 11.442236 11.658393 
9563132 11.248379 11.248631 11.461648 
9730904 11.047034 11.051376 11.272234 
9898676 10.861082 10.862295 12.186825 
10066448 10.681032 10.681061 10.959001 
10234220 10.504728 10.506253 11.898774 
10401992 10.345231 10.338627 11.745916 
10569764 10.179587 10.171283 11.557081 
10737536 10.012774 10.022298 10.253821 
10905308 9.861398 9.862274 11.273909 
11073080 9.710777 9.712589 11.149652 
11240852 9.587519 9.565127 11.037078 
11408624 9.427549 9.430250 9.929782 
11576396 9.289699 9.291243 9.530878 
11744168 9.161441 9.158648 9.412230 
11911940 9.028532 9.029814 13.271201 
12079712 9.015067 8.929078 9.605375 
12247484 8.896852 8.853727 10.108248 
12415256 8.764186 8.746625 9.263379 
12583028 8.552906 8.549138 8.816972 
12750800 8.435512 8.435945 8.704118 
12918572 8.330312 8.328364 8.698316 
13086344 8.222489 8.221126 8.462761 
13254116 8.119528 8.119432 8.373692 
13421888 8.014083 8.021264 8.272821 
13589660 7.916892 8.095658 271481847808.000000 
13757432 7.828439 7.841456 8.612913 
13925204 7.814510 7.797575 9.315462 
14092976 7.634657 7.632674 7.915591 
14260748 7.551442 7.590434 9.218151 
14428520 7.458804 7.458107 7.706589 
14596292 7.372621 7.372420 8.963333 
14764064 7.287271 7.289343 8.892931 
14931836 7.204964 7.207908 8.815883 
15099608 7.128042 7.127358 8.738033 
15267380 7.050712 7.049316 7.288635 
15435152 6.969721 6.972984 8.583564 
15602924 6.896306 6.896121 8.525754 
15770696 6.825156 6.824870 8.431004 
15938468 6.752039 6.751969 8.370255 
16106240 6.681126 6.684857 8.338367 
16274012 6.615583 6.614007 8.269161 
16441784 6.546170 6.546744 8.208611 
16609556 6.482248 6.480412 8.529010 
